m
c -0.8 0 0 0.13 0.27 0.13
c 0.8 0 0 0.13 0.27 0.13
b -0.8 0 0 0.5 0.1 0.5
b 0.8 0 0 0.5 0.1 0.5
m
c 0 -0.5 -1 0.13 0.27 0.13
b 0 -0.5 -1 0.5 0.1 0.5
m
b -1 0 -0.5 1 0.621622 0.5
b 1 0 -0.5 1 0.621622 0.5
o 0 0 -0.5 2 0.4 0.1 0 0 0 0
m
c 0.7 0.05 0 0.13 0.27 0.13
c -0.7 0.05 -3 0.13 0.27 0.13
b 0.7 -0.2 0 0.6 0.5 0.5
b -0.7 -0.2 -3 0.6 0.5 0.5
m
b 0 0.5 0 1 0.2 0.3
o 0 0.2 -0.5 1 1.5 0.1 0 0 0 0
m
c -0.3 -0.45 0 0.13 0.27 0.13
c 0.8 -0.85 -3 0.13 0.27 0.13
b -0.3 -0.6 0 0.5 0.3 0.5
b 0.8 -1 -3 0.5 0.3 0.5
m
b 0 0.5 0 1 0.2 0.3
o 0 0.2 0.1 0.3 1.5 0.1 0.002 0 -0.3 0.3
o 0 0.2 -0.1 0.3 1.5 0.1 -0.002 0 -0.3 0.3
m
b 0 0.5 0 1.5 0.2 0.3
o 0.14 0.2 -0.5 1 1.5 0.1 0.004 0 -0.5 0.5
m
b -0.7 0 0 0.3 1.3 0.3
b 0.7 0 0 0.3 1.3 0.3
o 0 0.307465 0 2.5 1 0.1 -0 -0.005 -0.307044 0.307044
m
b -0.7 0 0 0.3 1.3 0.3
b 0.7 0 0 0.3 1.3 0.3
o 0 0.0932432 0.1 2.5 0.6 0.1 0 0.005 -0.310811 0.310811
o 0 -0.0932432 -0.1 2.5 0.6 0.1 0 -0.005 -0.310811 0.310811
